0110
0112
0114
0116
0118
0170
0171
0172
0173
0174
0175
0176
0178
0179
0181
0182
0184
0185
0192
0193
0200
0202
0204
0210
0211
0230
0272
0281
0282
0283
0293
0294
0295
0310
0370
0371
0372
0373
0374
0376
0377
0379
0381
0391
0405
0410
0420
0472
0473
0474
0475
0476
0478
0479
0481
0482
0483
0484
0486
0491
0492
0494
0496
0505
0510
0520
0530
0571
0573
0582
0583
0587
0588
0589
0591
0592
0593
0594
0600
0602
0604
0610
0612
0614
0618
0620
0622
0624
0626
0627
0629
0630
0632
0772
0781
0782
0792
0793
0794
0800
0810
0812
0814
0820
0830
0871
0873
0874
0875
0881
0882
0883
0891
0892
0900
0910
0920
0930
0931
0932
0972
0973
0974
0975
0977
0981
0982
0983
0984
0985
0986
0991
0992
0993
0994
1010
1011
1021
1022
1023
1024
1025
1026
1041
1042
1050
1051
1052
1060
1061
1062
1071
1072
1081
1971
2010
2012
2013
2014
2016
2018
2022
2023
2024
2025
2102
2103
2104
2105
2110
2112
2113
2120
2121
2122
2123
2471
2472
2473
2474
2571
2576
2577
2578
2579
2580
2582
2583
2584
2585
2675
2676
2677
2678
2679
2681
2682
2683
2684
2693
2694
2695
2696
2697
3010
3015
3020
3025
3072
3073
3074
3076
3077
3078
3079
3081
3083
3096
3097
3114
3119
3120
3121
3122
3123
3127
3129
3171
3172
3173
3176
3177
3178
3182
3183
3186
3187
3188
3189
3191
3192
3193
3194
3196
3197
3198
3199
3200
3204
3206
3210
3214
3216
3218
3225
3281
3282
3283
3284
3285
3286
3287
3288
3289
3290
3293
3295
3296
3297
3330
3332
3334
3377
3378
3379
3381
3382
3410
3411
3415
3420
3421
3432
3434
3481
3482
3483
3484
3485
3491
3492
3493
3494
3495
3496
3503
3574
3576
3597
3600
3610
3611
3671
3672
3673
3674
3681
3682
3700
3710
3720
3721
3771
3772
3781
3782
3784
3791
3792
3793
3794
3800
3802
3803
3872
3873
3874
3875
3876
3877
3878
3879
3880
3881
3882
3883
3885
3886
3889
3894
3895
3900
3910
3912
3920
3924
3926
3970
3971
3972
3973
3974
3975
3976
3977
3978
3979
3980
3981
3982
3983
3985
3986
3987
3988
3989
3990
3991
3992
3993
3994
3995
3996
3997
3998
4010
4022
4032
4071
4072
4073
4075
4077
4078
4079
4081
4082
4083
4086
4087
4091
4092
4093
4094
4102
4104
4108
4110
4112
4120
4122
4130
4171
4172
4174
4175
4178
4179
4181
4182
4183
4184
4186
4188
4189
4191
4193
4195
4196
4197
4198
4294
4310
4312
4314
4320
4322
4330
4332
4335
4371
4372
4373
4374
4375
4376
4377
4378
4379
4381
4382
4383
4386
4387
4388
4389
4390
4391
4392
4393
4394
4395
4396
4397
4398
4399
4410
4412
4414
4470
4471
4473
4474
4475
4476
4477
4478
4479
4481
4500
4501
4510
4520
4571
4572
4573
4574
4575
4576
4577
4578
4581
4582
4584
4585
4586
4587
4588
4591
4592
4597
4598
4610
4612
4614
4616
4625
4632
4671
4672
4673
4674
4675
4678
4679
4681
4682
4684
4685
4691
4694
4696
4702
4710
4720
4730
4771
4774
4775
4777
4779
4780
4781
4782
4783
4784
4785
4786
4787
4788
4789
4791
4792
4793
4794
4795
4796
4797
4810
4814
4815
4817
4818
4820
4821
4822
4825
4884
4891
4893
4894
4900
4910
4920
4930
4970
4971
4972
4973
4974
4975
4976
4977
4978
4979
4981
4982
4983
4984
4985
4986
4987
4988
4989
4990
4991
4992
4993
4994
4995
4996
4997
4998
4999
5010
5011
5012
5013
5014
5016
5018
5019
5022
5024
5026
5028
5032
5034
5036
5371
5372
5373
5381
5391
5510
5512
5570
5571
5572
5573
5574
5575
5581
5582
5583
5710
5711
5712
5713
5771
5772
5773
5781
5782
5783
5784
5791
5792
5794
5810
5871
5872
5881
5882
5883
5884
5885
5886
5887
5888
5889
5890
5894
6011
6012
6021
6022
6023
6035
6037
6972
7005
7007
7010
7011
7020
7022
7025
7071
7072
7073
7077
7081
7091
7095
7096
7100
7110
7120
7173
7175
7178
7182
7183
7192
7193
7194
7195
7196
7197
7198
7201
7202
7204
7206
7210
7220
7271
7272
7273
7274
7275
7276
7281
7282
7284
7285
7300
7310
7332
7334
7371
7373
7374
7379
7381
7382
7383
7384
7385
7387
7391
7392
7395
7400
7402
7410
7420
7430
7471
7472
7473
7475
7476
7481
7482
7483
7491
7495
7500
7510
7520
7571
7572
7580
7581
7582
7583
7591
7600
7602
7604
7608
7610
7614
7616
7630
7632
7670
7671
7672
7673
7674
7675
7676
7677
7678
7681
7682
7683
7691
7692
7700
7710
7730
7771
7772
7773
7774
7775
7776
7777
7778
7781
7782
7783
7784
7791
7802
7803
7804
7805
7810
7811
7812
7822
7823
7825
7830
7832
7871
7872
7873
7875
7881
7882
7883
7884
7885
7886
7891
7892
7893
7895
7901
7903
7910
7912
7920
7924
7925
7930
7971
7972
7973
7974
7977
7978
7979
7980
7982
7983
7984
7985
7986
7987
7988
7990
7991
7992
7999
8011
8013
8014
8022
8023
8024
8025
8041
8042
8051
8052
8053
8061
8062
8081
8082
8083
8971
8972
9010
9011
9012
9013
9014
9016
9018
9019
9022
9023
9024
9035
9073
9074
9076
9077
9081
9082
9085
9091
9092
9210
9220
9230
9231
9271
9272
9273
9274
9281
9282
9291
9292
9310
9320
9330
9332
9376
9377
9383
9384
9386
9387
9391
9392
9393
9395
9396
9397
9398
9400
9401
9410
9412
9430
9435
9471
9472
9481
9482
9483
9491
9492
9493
9494
9495
9498
9500
9510
9522
9532
9534
9535
9571
9572
9583
9584
9585
9586
9587
9591
9593
9596
9597
9598
9600
9610
9620
9630
9635
9672
9679
9682
9683
9689
9691
9710
9712
9720
9730
9771
9772
9773
9774
9775
9776
9777
9778
9779
9781
9782
9783
9791
9792
9793
9794
9810
9812
9814
9816
9818
9822
9825
9831
9871
9872
9874
9875
9876
9877
9879
9881
9883
9884
9891
9892
9893